dre18 18 332
dre21 21 356
dre24 24 396
dre28 28 476
dre30 30 508
dre42 42 764
dre56 56 1086
dre72 72 1452
dre90 90 1838


tai27e01 27 2558
tai27e02 27 2850
tai27e03 27 3258
tai27e04 27 2822
tai27e05 27 3074
tai27e06 27 2814
tai27e07 27 3428
tai27e08 27 2430
tai27e09 27 2902
tai27e10 27 2994
tai27e11 27 2906
tai27e12 27 3070
tai27e13 27 2966
tai27e14 27 3568
tai27e15 27 2628
tai27e16 27 3124
tai27e17 27 3840
tai27e18 27 2758
tai27e19 27 2514
tai27e20 27 2638

tai45e01  45   6412
tai75e01  75  14488

tai125e01 125  35450
tai343e01 343 136288

tai40a en exchange matrix
3 30 9 38 4 24 23 29 14 7 0 16 5 15 35 31 33 1 17 8 18 37 39 12 10 11 28 2 6 27 26 13 36 32 21 19 22 20 34 25 
3139370




29 6 39 17 5 28 55 0 4 49 20 31 52 33 37 15 18 46 22 42 3 7 38 48 54 2 56 40 21 47 36 59 58 43 53 51 8 10 34 19 14 41 13 24 26 23 35 12 16 45 11 30 57 50 1 32 44 25 9 27 




tai10a  

135028
0 1 2 3 4 5 6 7 8 9
-------------------
8 0 7 5 9 4 3 2 6 1
1 9 7 6 5 3 8 2 0 4
